50 4
32543
1024
59137
9216
12139
8192
48679
0
79731
9729
81891
9216
81545
1
28633
8192
9885
9729
42657
1025
30447
9217
92095
8192
12089
9729
75647
1025
79409
9217
65427
8704
61351
1024
42773
8705
65069
8704
79485
9728
65239
1537
15885
8704
46735
8704
30389
1025
30309
8704
14143
513
75345
512
96145
8193
48941
513
65049
1024
59311
1
77471
0
42753
8192
59085
512
79647
1024
96253
8192
108167
513
75551
1537
14291
1024
93901
1024
94159
9729
98103
8704
59349
1025
92149
9217
75441
9216
42861
1536
10029
1025
28537
8705
59127
1024
64798
17664
